 0.5390
 0.0572
 1.6684
11.0680
 0.1303
 0.5563
 3.2777
 0.5819
 2.6540
 1.4687
 2.5245
 1.3680
 0.1382
 2.1653
 5.3886
 3.4629
 7.6724
 1.4590
 1.7848
 4.2152
 4.4366
 3.6237
 1.6276
 2.0076
 2.0520
 1.1153
 4.7421
 5.6492
 1.0732
 1.6517
 0.4606
 2.3499
 0.5449
 0.0332
 6.8843
 0.2333
12.2319
 3.0596
 2.7391
 1.1793
 0.6888
 8.9091
 4.0300
 1.0846
 4.3365
 9.0844
 4.4318
 2.1680
 0.8269
 4.2484
 0.9132
 9.6440
 0.8850
 0.2380
 7.5352
 0.6689
 1.0722
 0.8602
 1.4688
 1.2877
 4.7138
 0.6980
 0.2065
 3.5253
 2.7988
 3.2362
 2.2485
 0.7990
 9.3797
 0.7530
 6.4977
 0.9369
 7.9412
 1.9698
 0.1739
 4.7742
 0.3446
 6.7442
 4.0350
 4.5984
 0.8063
 1.8703
 2.6630
 0.9410
 1.4539
 8.5835
 1.5662
14.7030
 1.5434
 2.5881
 0.4558
 0.2223
 1.5294
 1.3991
 8.4966
 3.3456
 3.2632
 0.7893
 1.2844
 5.1807
 0.2418
 3.3809
 4.7738
13.6408
13.9721
 0.2355
 0.5351
 1.4925
 0.2162
 0.9600
 4.8842
 0.8329
12.5885
 6.5495
 1.3467
14.3747
12.8465
 1.5975
 2.1279
 2.9546
 7.1926
 2.8944
 1.3573
 1.6440
 0.2049
 2.7544
 0.1406
 4.5311
 8.3925
 0.0162
 0.2243
 1.7310
 6.0617
 4.3882
 6.1652
 0.1351
 0.6443
 3.7603
 1.1762
 0.8855
15.1703
 0.0196
 5.3988
 1.8215
 0.4118
 2.3134
 4.0903
 4.4407
 7.6991
 7.0161
 4.7027
 3.8011
 6.9303
 2.9166
 3.5136
 1.7364
 7.6853
 0.4870
 4.0191
 9.2436
 2.3993
 2.5145
 0.0932
 3.2084
 4.3410
 5.0674
 0.8782
 4.5397
 5.7793
 1.7980
 4.5269
 0.1391
 1.5726
 4.1229
 0.7842
 3.0901
 5.1252
 3.4144
 0.6632
 0.0265
12.3895
 9.0382
 3.7068
 5.0634
 8.3192
 1.1736
 1.5714
 5.6613
 0.8423
 3.1298
 3.0899
 0.8288
 0.1944
 6.1328
 0.4539
 6.4064
 4.8818
 2.2309
 0.0470
 7.6124
 5.4465
 0.5563
 2.2268
 2.0267
 0.6194
 0.3350
 4.8481
 3.4432
 7.3527
 4.4849
 5.0291
 2.1648
 0.5639
 0.4268
 2.3489
 0.4424
 4.2875
 2.9678
11.0282
 1.5335
 0.9644
12.0368
 2.8553
 3.0856
 1.2958
 6.3281
15.4481
 1.3617
17.8473
 2.9949
22.6038
 1.1674
 5.4844
 5.6671
 0.3063
 4.1457
 5.4454
 1.7306
 8.0673
 1.9684
 1.9114
 2.8658
11.5943
 2.3186
 0.6518
 0.6085
 2.4473
 0.2405
 2.2516
 6.1137
15.4132
11.8454
 7.2123
 3.1322
 3.6328
 1.2959
 1.9573
 3.4738
 0.8020
 1.0370
 2.8083
 6.4326
 2.3300
 8.2103
 1.7878
 7.4437
 0.1586
 0.2764
 4.2681
 1.3942
 1.5450
 3.9379
 3.0672
 0.5162
 3.9663
 3.0995
 3.0037
 0.9628
 4.6983
 0.5827
 1.6416
 0.0281
 1.3989
 6.3817
 1.8856
 0.4114
 0.0632
 1.7770
 1.9033
 7.8904
 1.7857
 3.6022
 3.2365
 2.7499
 1.7679
 2.1359
 0.2231
 4.9065
 1.0465
 2.9620
 9.8552
 2.8562
 4.5582
 0.0431
 2.1823
 0.1150
 0.3725
 8.0669
 3.2453
 2.5793
 5.0873
 1.5762
 3.4097
 0.5718
 1.6543
 6.0347
 4.0881
 0.1901
 0.4919
 1.1840
 0.9126
 1.2021
 0.1791
 9.5441
 4.6795
 6.3613
 5.0782
11.0494
 1.2947
 3.3336
 6.6090
27.1466
 1.0179
 1.6152
 5.6628
 0.1625
 0.6290
 0.8041
 1.4354
 3.0306
 0.1379
 0.7354
 6.9533
 5.2030
 0.5593
 2.3459
 0.1597
 0.0366
 1.9876
 0.0787
 0.2988
 1.4857
 1.0893
 1.2375
 5.3838
 0.3245
 2.7808
 2.1379
14.9797
 2.9611
 7.9827
 4.6421
 1.7045
 0.8059
 1.0864
 0.8980
 7.1206
 2.4360
 3.9575
 0.2730
 2.1538
 0.2475
 6.4848
 0.9807
 6.8671
 3.7281
 0.3569
 0.7093
 0.7928
 1.4223
 1.5264
 5.8730
 2.7647
 2.2371
 3.7773
 3.1943
 0.5907
 0.3506
 0.0818
 5.6265
 0.2697
 0.0232
 2.3507
 0.9388
 0.3998
 4.0886
 6.8777
 5.1585
 6.1784
 0.5439
 4.7653
 1.3361
 0.3082
 8.4767
 1.6369
 8.4082
 1.1949
 2.9536
 0.3613
 0.3404
 0.4208
 1.1721
 5.1379
 3.6841
 6.4821
 1.0427
 5.7141
 5.0887
 1.7280
 1.9299
 6.3222
14.3407
 0.1243
 0.9100
 1.1081
 1.4931
 3.3725
 3.6261
 0.7088
 4.3670
 1.4762
 2.6383
 1.9515
 0.3654
 0.5552
 3.2239
 1.1837
 2.7071
 2.0283
 8.3645
 7.1053
10.5834
 4.2104
 0.8040
 4.6096
 0.2356
 5.3429
 0.7305
 2.0672
 2.8820
 3.6211
 1.2361
 6.8269
 3.5680
 8.3062
 1.1750
 0.9203
 0.4564
 7.4996
 2.8441
 0.3969
 0.3866
 4.3389
 0.5102
 0.5494
 1.3289
 2.6453
 3.1824
 0.4560
 3.3728
 2.1612
 2.9802
 2.6745
 0.9287
 1.0060
 4.1837
 3.7306
 1.5217
 0.1598
 9.8494
 1.0279
 0.6723
 1.9701
 0.0066
 0.2729
 1.8505
 4.2515
 0.9935
 6.4195
 6.0448
 4.6410
 2.7120
 0.3554
 1.6558
 6.8046
 7.6163
 3.4376
19.3283
 0.6594
 1.7119
