 0.6650
 0.2253
 0.4372
 2.0447
 1.1527
 1.9858
 1.9542
 2.1611
 1.5185
 1.8176
 0.9720
 2.6525
 0.3473
 0.1196
 0.7487
 1.2030
 0.0124
 7.4612
 3.4490
 0.4851
 0.6677
 1.5602
 0.7976
 0.9658
 0.8416
 5.4050
 2.1363
 0.2670
 0.2548
 2.8696
 2.8432
 0.3669
 0.0954
 0.7997
 1.9197
 1.9772
 0.0839
 0.2803
 0.5226
 1.1557
 5.8739
 0.6572
 4.4877
 0.6855
 0.1234
 6.2560
 0.2116
 2.4383
 0.3662
 2.6213
 4.9877
 4.2023
 1.2535
 3.7365
 3.3338
 1.3045
 0.8348
 1.6343
 7.7342
 1.8146
 0.1919
 1.9645
 4.5635
 4.1648
 3.8109
 1.7049
 1.7297
 2.5304
 0.5306
 0.3297
 0.5471
 0.6975
 8.5171
 0.7304
 0.1926
 4.0358
 0.4203
 4.2376
 0.4149
 0.2063
 5.1600
 0.0418
 0.1907
 1.4768
 2.0993
 3.7431
 0.8589
 0.3387
 0.5841
 1.1108
 1.5389
 0.2630
 1.4146
 0.0255
 0.9433
 2.3406
 0.9797
 0.5891
 0.7478
 0.6394
 3.4363
 1.5737
 3.6070
 0.9382
 0.4464
 1.2202
 0.4302
 0.7193
 0.1934
 2.4063
 1.7491
 2.7691
 1.1951
 2.1690
 3.9655
 4.9380
 2.2001
 1.2969
 0.2581
 7.6283
 2.2957
 0.0788
 1.0238
 0.8184
 2.8901
 2.3754
 1.5035
 1.6185
 5.3706
 0.4703
 1.4554
 0.7841
 0.8158
 2.3635
 2.6305
 1.5206
 0.2224
 1.1551
 1.3827
 1.0784
 1.7348
 0.3220
 1.5725
 0.5209
 0.0269
 1.3489
 2.6585
 1.3380
 1.5998
 1.2105
 3.2038
 8.1537
 1.7532
 2.0566
 1.6539
 0.3178
 0.4634
 0.0964
 1.8791
 2.3814
 1.7246
 0.3358
 0.7534
 0.5016
 0.5791
 1.7743
 1.7375
 0.0418
 1.2127
 1.0572
 0.7091
 0.2793
 1.6350
 3.5864
 0.1634
 0.6453
 1.6151
 0.2724
 0.1442
 1.2304
 0.8486
 0.1499
 2.5738
 0.0953
 0.8002
 3.6280
 3.5324
 4.1236
 2.1135
 2.5759
 4.5930
 5.8027
 0.2880
 1.7481
 0.9840
 0.1696
 1.9896
 1.2649
 2.8245
 0.4461
 1.6563
 1.2052
 3.7990
 1.0370
 0.1673
 1.7988
 0.1973
 1.6996
 1.2155
 0.7582
 2.2166
 0.1156
 1.1479
 0.1031
 1.6552
 0.0206
 3.3073
 2.3155
 0.9897
 0.1765
 0.9637
 3.7062
 0.1299
 2.2204
 2.9674
 0.4121
 0.3533
 1.0917
 0.9296
 0.8918
 1.6753
 5.2831
 3.6935
 1.6572
 4.4850
 0.1195
 1.9124
 0.2776
 0.3039
 2.1169
 3.8909
 0.3283
 0.0112
 2.2789
 0.5088
 2.0963
 0.8971
 0.2542
 4.2688
 1.8924
 0.3242
 1.0264
 2.0398
 1.0900
 1.6958
 0.1092
 1.3443
 0.2542
 2.1220
 0.2749
 1.3313
 1.6415
 0.8252
 0.1944
 3.0757
 0.6253
 0.3841
 0.0791
 1.1345
 0.4989
 0.3298
 1.6401
 1.6441
 0.7773
 2.7240
 3.2733
 1.2344
 0.2666
 0.2570
 0.3957
 2.2471
 0.3344
 5.5606
 1.2562
 0.2728
 0.2030
 0.9105
 1.7209
 4.3741
 0.3388
 1.5628
 0.0206
 0.0201
 3.1482
 1.2967
 0.4873
 0.1690
 1.4936
 1.1548
 1.2683
 1.3727
 2.1920
 0.2585
 4.1520
 1.3839
 1.0375
 0.9190
 1.6998
 3.5215
 0.5399
 0.2368
 0.0198
 0.6440
 0.1577
 6.5713
 2.9511
 2.0073
 0.1674
 0.1585
 2.4479
 5.1403
 0.5068
 0.0581
 0.7560
 2.0859
 1.2591
 1.2163
 2.8886
 2.2874
 2.2333
 2.4120
 1.8150
 1.9163
 0.5526
 0.1671
 0.1109
 0.5276
 0.3213
 2.8229
 1.0776
 3.5955
 1.4106
 0.8559
 3.5163
 6.2243
 0.0461
 0.8293
 6.1225
 4.2382
 1.9393
 0.4182
 3.3742
 0.6177
 1.1101
 0.8429
 1.7704
 2.0675
 0.0086
 0.6046
 1.4314
 3.9701
 0.7021
 1.3335
 1.0514
 0.1955
 5.6761
 0.7908
 0.3192
 2.0884
 4.2279
 2.2279
 3.1920
 0.8978
 4.0321
 3.0519
 1.1015
 0.2251
 2.7655
10.7865
 0.6653
 1.9103
 2.4848
 1.0643
 0.2046
 0.2094
 0.0029
 0.8426
 0.2048
 0.2616
 0.1354
 1.0323
 0.1231
 1.5385
 2.4722
 0.9202
 0.6567
 0.5810
 0.4875
 0.4686
 3.0005
 0.2418
 0.7499
 1.2452
 1.6407
 1.7061
 0.0054
 1.5105
 5.0294
 0.1192
 0.4786
 1.6366
 0.1892
 9.9469
 1.6041
 2.9260
 0.6655
 0.1193
 0.5144
 2.5654
 0.6008
 0.3764
 2.4470
 1.5430
 7.4148
 2.8934
 0.4511
 1.9147
 6.6219
 1.5495
 0.2327
 0.7297
 0.9410
 0.5079
 0.0569
 1.4753
 2.3865
 0.1302
 1.1475
 3.5254
 1.2365
 2.1850
 0.1551
 0.4371
 0.1808
 0.8676
 0.6103
 1.6139
 0.6325
 2.6104
 0.7518
 1.8434
 0.5428
 0.7953
 0.1033
 3.2929
 0.1343
 0.5364
 3.3710
 1.6197
 1.6105
 1.4937
 1.7524
 0.7067
 1.7557
 0.2385
 1.1901
 5.3501
 2.0970
 3.0457
 0.3413
 5.0742
 1.2975
 1.7967
 0.7488
 2.5854
 1.4046
 0.3746
 0.1446
 1.3392
 0.4136
 2.1095
 2.6464
 0.8610
 2.1276
 5.9873
 0.6847
 1.0808
 0.9546
 0.0222
 0.6339
 1.5807
 0.9730
 0.8174
 7.3449
 0.1621
 4.4873
 3.9600
 1.5100
 1.1223
 0.5010
